((1.1,10.10),(2.2,3.3)); 1
((1.1,10.10),(2.2,4.4)); 1
((1.1,10.10),(5.5,6.6)); 5
((1.1,10.10),(5.5,7.7)); 5
((1.1,10.10),(5.5,8.8)); 5
((1.1,10.10),(5.5,9.9)); 3
((1.1,10.10),(6.6,7.7)); 5
((1.1,10.10),(6.6,8.8)); 5
((1.1,10.10),(6.6,9.9)); 3
((1.1,10.10),(7.7,8.8)); 5
((1.1,10.10),(7.7,9.9)); 3
((1.1,10.10),(8.8,9.9)); 3
((1.1,11.11),(10.10,5.5)); 5
((1.1,11.11),(10.10,6.6)); 5
((1.1,11.11),(10.10,7.7)); 5
((1.1,11.11),(10.10,8.8)); 5
((1.1,11.11),(10.10,9.9)); 5
((1.1,11.11),(2.2,3.3)); 1
((1.1,11.11),(2.2,4.4)); 1
((1.1,11.11),(5.5,6.6)); 5
((1.1,11.11),(5.5,7.7)); 5
((1.1,11.11),(5.5,8.8)); 5
((1.1,11.11),(5.5,9.9)); 5
((1.1,11.11),(6.6,7.7)); 5
((1.1,11.11),(6.6,8.8)); 5
((1.1,11.11),(6.6,9.9)); 5
((1.1,11.11),(7.7,8.8)); 5
((1.1,11.11),(7.7,9.9)); 5
((1.1,11.11),(8.8,9.9)); 5
((1.1,2.2),(10.10,11.11)); 5
((1.1,2.2),(10.10,3.3)); 2
((1.1,2.2),(10.10,4.4)); 4
((1.1,2.2),(10.10,5.5)); 5
((1.1,2.2),(10.10,6.6)); 5
((1.1,2.2),(10.10,7.7)); 5
((1.1,2.2),(10.10,8.8)); 5
((1.1,2.2),(10.10,9.9)); 5
((1.1,2.2),(11.11,3.3)); 2
((1.1,2.2),(11.11,4.4)); 4
((1.1,2.2),(11.11,5.5)); 5
((1.1,2.2),(11.11,6.6)); 5
((1.1,2.2),(11.11,7.7)); 5
((1.1,2.2),(11.11,8.8)); 5
((1.1,2.2),(11.11,9.9)); 5
((1.1,2.2),(3.3,4.4)); 2
((1.1,2.2),(3.3,5.5)); 2
((1.1,2.2),(3.3,6.6)); 2
((1.1,2.2),(3.3,7.7)); 2
((1.1,2.2),(3.3,8.8)); 2
((1.1,2.2),(3.3,9.9)); 2
((1.1,2.2),(4.4,5.5)); 4
((1.1,2.2),(4.4,6.6)); 4
((1.1,2.2),(4.4,7.7)); 4
((1.1,2.2),(4.4,8.8)); 4
((1.1,2.2),(4.4,9.9)); 4
((1.1,2.2),(5.5,6.6)); 5
((1.1,2.2),(5.5,7.7)); 5
((1.1,2.2),(5.5,8.8)); 5
((1.1,2.2),(5.5,9.9)); 5
((1.1,2.2),(6.6,7.7)); 5
((1.1,2.2),(6.6,8.8)); 5
((1.1,2.2),(6.6,9.9)); 5
((1.1,2.2),(7.7,8.8)); 5
((1.1,2.2),(7.7,9.9)); 5
((1.1,2.2),(8.8,9.9)); 5
((1.1,3.3),(10.10,11.11)); 5
((1.1,3.3),(10.10,2.2)); 2
((1.1,3.3),(10.10,4.4)); 5
((1.1,3.3),(10.10,5.5)); 5
((1.1,3.3),(10.10,6.6)); 5
((1.1,3.3),(10.10,7.7)); 5
((1.1,3.3),(10.10,8.8)); 5
((1.1,3.3),(10.10,9.9)); 5
((1.1,3.3),(11.11,2.2)); 2
((1.1,3.3),(11.11,4.4)); 5
((1.1,3.3),(11.11,5.5)); 5
((1.1,3.3),(11.11,6.6)); 5
((1.1,3.3),(11.11,7.7)); 5
((1.1,3.3),(11.11,8.8)); 5
((1.1,3.3),(11.11,9.9)); 5
((1.1,3.3),(2.2,4.4)); 2
((1.1,3.3),(2.2,5.5)); 2
((1.1,3.3),(2.2,6.6)); 2
((1.1,3.3),(2.2,7.7)); 2
((1.1,3.3),(2.2,8.8)); 2
((1.1,3.3),(2.2,9.9)); 2
((1.1,3.3),(4.4,5.5)); 5
((1.1,3.3),(4.4,6.6)); 5
((1.1,3.3),(4.4,7.7)); 5
((1.1,3.3),(4.4,8.8)); 5
((1.1,3.3),(4.4,9.9)); 5
((1.1,3.3),(5.5,6.6)); 5
((1.1,3.3),(5.5,7.7)); 5
((1.1,3.3),(5.5,8.8)); 5
((1.1,3.3),(5.5,9.9)); 5
((1.1,3.3),(6.6,7.7)); 5
((1.1,3.3),(6.6,8.8)); 5
((1.1,3.3),(6.6,9.9)); 5
((1.1,3.3),(7.7,8.8)); 5
((1.1,3.3),(7.7,9.9)); 5
((1.1,3.3),(8.8,9.9)); 5
((1.1,4.4),(10.10,11.11)); 5
((1.1,4.4),(10.10,5.5)); 5
((1.1,4.4),(10.10,6.6)); 5
((1.1,4.4),(10.10,7.7)); 5
((1.1,4.4),(10.10,8.8)); 5
((1.1,4.4),(10.10,9.9)); 5
((1.1,4.4),(11.11,5.5)); 5
((1.1,4.4),(11.11,6.6)); 5
((1.1,4.4),(11.11,7.7)); 5
((1.1,4.4),(11.11,8.8)); 5
((1.1,4.4),(11.11,9.9)); 5
((1.1,4.4),(2.2,3.3)); 1
((1.1,4.4),(5.5,6.6)); 5
((1.1,4.4),(5.5,7.7)); 5
((1.1,4.4),(5.5,8.8)); 5
((1.1,4.4),(5.5,9.9)); 5
((1.1,4.4),(6.6,7.7)); 5
((1.1,4.4),(6.6,8.8)); 5
((1.1,4.4),(6.6,9.9)); 5
((1.1,4.4),(7.7,8.8)); 5
((1.1,4.4),(7.7,9.9)); 5
((1.1,4.4),(8.8,9.9)); 5
((1.1,5.5),(2.2,3.3)); 1
((1.1,5.5),(2.2,4.4)); 1
((1.1,5.5),(7.7,8.8)); 5
((1.1,5.5),(7.7,9.9)); 1
((1.1,5.5),(8.8,9.9)); 1
((1.1,6.6),(2.2,3.3)); 1
((1.1,6.6),(2.2,4.4)); 1
((1.1,6.6),(7.7,8.8)); 5
((1.1,6.6),(7.7,9.9)); 1
((1.1,6.6),(8.8,9.9)); 1
((1.1,7.7),(2.2,3.3)); 1
((1.1,7.7),(2.2,4.4)); 1
((1.1,7.7),(5.5,6.6)); 5
((1.1,8.8),(2.2,3.3)); 1
((1.1,8.8),(2.2,4.4)); 1
((1.1,8.8),(5.5,6.6)); 5
((1.1,9.9),(10.10,5.5)); 2
((1.1,9.9),(10.10,6.6)); 2
((1.1,9.9),(10.10,7.7)); 2
((1.1,9.9),(10.10,8.8)); 2
((1.1,9.9),(2.2,3.3)); 1
((1.1,9.9),(2.2,4.4)); 1
((1.1,9.9),(5.5,6.6)); 5
((1.1,9.9),(5.5,7.7)); 4
((1.1,9.9),(5.5,8.8)); 4
((1.1,9.9),(6.6,7.7)); 4
((1.1,9.9),(6.6,8.8)); 4
((1.1,9.9),(7.7,8.8)); 5
((10.10,11.11),(2.2,3.3)); 5
((10.10,11.11),(2.2,4.4)); 5
((10.10,11.11),(3.3,4.4)); 5
((10.10,11.11),(5.5,6.6)); 5
((10.10,11.11),(5.5,7.7)); 5
((10.10,11.11),(5.5,8.8)); 5
((10.10,11.11),(5.5,9.9)); 3
((10.10,11.11),(6.6,7.7)); 5
((10.10,11.11),(6.6,8.8)); 5
((10.10,11.11),(6.6,9.9)); 3
((10.10,11.11),(7.7,8.8)); 5
((10.10,11.11),(7.7,9.9)); 3
((10.10,11.11),(8.8,9.9)); 3
((10.10,2.2),(5.5,6.6)); 5
((10.10,2.2),(5.5,7.7)); 5
((10.10,2.2),(5.5,8.8)); 5
((10.10,2.2),(5.5,9.9)); 3
((10.10,2.2),(6.6,7.7)); 5
((10.10,2.2),(6.6,8.8)); 5
((10.10,2.2),(6.6,9.9)); 3
((10.10,2.2),(7.7,8.8)); 5
((10.10,2.2),(7.7,9.9)); 3
((10.10,2.2),(8.8,9.9)); 3
((10.10,3.3),(2.2,4.4)); 1
((10.10,3.3),(5.5,6.6)); 5
((10.10,3.3),(5.5,7.7)); 5
((10.10,3.3),(5.5,8.8)); 5
((10.10,3.3),(5.5,9.9)); 3
((10.10,3.3),(6.6,7.7)); 5
((10.10,3.3),(6.6,8.8)); 5
((10.10,3.3),(6.6,9.9)); 3
((10.10,3.3),(7.7,8.8)); 5
((10.10,3.3),(7.7,9.9)); 3
((10.10,3.3),(8.8,9.9)); 3
((10.10,4.4),(2.2,3.3)); 4
((10.10,4.4),(5.5,6.6)); 5
((10.10,4.4),(5.5,7.7)); 5
((10.10,4.4),(5.5,8.8)); 5
((10.10,4.4),(5.5,9.9)); 3
((10.10,4.4),(6.6,7.7)); 5
((10.10,4.4),(6.6,8.8)); 5
((10.10,4.4),(6.6,9.9)); 3
((10.10,4.4),(7.7,8.8)); 5
((10.10,4.4),(7.7,9.9)); 3
((10.10,4.4),(8.8,9.9)); 3
((10.10,5.5),(11.11,2.2)); 5
((10.10,5.5),(11.11,3.3)); 5
((10.10,5.5),(11.11,4.4)); 5
((10.10,5.5),(11.11,9.9)); 2
((10.10,5.5),(2.2,3.3)); 5
((10.10,5.5),(2.2,4.4)); 5
((10.10,5.5),(2.2,9.9)); 2
((10.10,5.5),(3.3,4.4)); 5
((10.10,5.5),(3.3,9.9)); 2
((10.10,5.5),(4.4,9.9)); 2
((10.10,5.5),(7.7,8.8)); 5
((10.10,5.5),(7.7,9.9)); 1
((10.10,5.5),(8.8,9.9)); 1
((10.10,6.6),(11.11,2.2)); 5
((10.10,6.6),(11.11,3.3)); 5
((10.10,6.6),(11.11,4.4)); 5
((10.10,6.6),(11.11,9.9)); 2
((10.10,6.6),(2.2,3.3)); 5
((10.10,6.6),(2.2,4.4)); 5
((10.10,6.6),(2.2,9.9)); 2
((10.10,6.6),(3.3,4.4)); 5
((10.10,6.6),(3.3,9.9)); 2
((10.10,6.6),(4.4,9.9)); 2
((10.10,6.6),(7.7,8.8)); 5
((10.10,6.6),(7.7,9.9)); 1
((10.10,6.6),(8.8,9.9)); 1
((10.10,7.7),(11.11,2.2)); 5
((10.10,7.7),(11.11,3.3)); 5
((10.10,7.7),(11.11,4.4)); 5
((10.10,7.7),(11.11,9.9)); 2
((10.10,7.7),(2.2,3.3)); 5
((10.10,7.7),(2.2,4.4)); 5
((10.10,7.7),(2.2,9.9)); 2
((10.10,7.7),(3.3,4.4)); 5
((10.10,7.7),(3.3,9.9)); 2
((10.10,7.7),(4.4,9.9)); 2
((10.10,7.7),(5.5,6.6)); 5
((10.10,8.8),(11.11,2.2)); 5
((10.10,8.8),(11.11,3.3)); 5
((10.10,8.8),(11.11,4.4)); 5
((10.10,8.8),(11.11,9.9)); 2
((10.10,8.8),(2.2,3.3)); 5
((10.10,8.8),(2.2,4.4)); 5
((10.10,8.8),(2.2,9.9)); 2
((10.10,8.8),(3.3,4.4)); 5
((10.10,8.8),(3.3,9.9)); 2
((10.10,8.8),(4.4,9.9)); 2
((10.10,8.8),(5.5,6.6)); 5
((10.10,9.9),(11.11,2.2)); 5
((10.10,9.9),(11.11,3.3)); 5
((10.10,9.9),(11.11,4.4)); 5
((10.10,9.9),(2.2,3.3)); 5
((10.10,9.9),(2.2,4.4)); 5
((10.10,9.9),(3.3,4.4)); 5
((10.10,9.9),(5.5,6.6)); 5
((10.10,9.9),(5.5,7.7)); 4
((10.10,9.9),(5.5,8.8)); 4
((10.10,9.9),(6.6,7.7)); 4
((10.10,9.9),(6.6,8.8)); 4
((10.10,9.9),(7.7,8.8)); 5
((11.11,2.2),(5.5,6.6)); 5
((11.11,2.2),(5.5,7.7)); 5
((11.11,2.2),(5.5,8.8)); 5
((11.11,2.2),(5.5,9.9)); 5
((11.11,2.2),(6.6,7.7)); 5
((11.11,2.2),(6.6,8.8)); 5
((11.11,2.2),(6.6,9.9)); 5
((11.11,2.2),(7.7,8.8)); 5
((11.11,2.2),(7.7,9.9)); 5
((11.11,2.2),(8.8,9.9)); 5
((11.11,3.3),(2.2,4.4)); 1
((11.11,3.3),(5.5,6.6)); 5
((11.11,3.3),(5.5,7.7)); 5
((11.11,3.3),(5.5,8.8)); 5
((11.11,3.3),(5.5,9.9)); 5
((11.11,3.3),(6.6,7.7)); 5
((11.11,3.3),(6.6,8.8)); 5
((11.11,3.3),(6.6,9.9)); 5
((11.11,3.3),(7.7,8.8)); 5
((11.11,3.3),(7.7,9.9)); 5
((11.11,3.3),(8.8,9.9)); 5
((11.11,4.4),(2.2,3.3)); 4
((11.11,4.4),(5.5,6.6)); 5
((11.11,4.4),(5.5,7.7)); 5
((11.11,4.4),(5.5,8.8)); 5
((11.11,4.4),(5.5,9.9)); 5
((11.11,4.4),(6.6,7.7)); 5
((11.11,4.4),(6.6,8.8)); 5
((11.11,4.4),(6.6,9.9)); 5
((11.11,4.4),(7.7,8.8)); 5
((11.11,4.4),(7.7,9.9)); 5
((11.11,4.4),(8.8,9.9)); 5
((11.11,5.5),(2.2,3.3)); 5
((11.11,5.5),(2.2,4.4)); 5
((11.11,5.5),(3.3,4.4)); 5
((11.11,5.5),(7.7,8.8)); 5
((11.11,5.5),(7.7,9.9)); 1
((11.11,5.5),(8.8,9.9)); 1
((11.11,6.6),(2.2,3.3)); 5
((11.11,6.6),(2.2,4.4)); 5
((11.11,6.6),(3.3,4.4)); 5
((11.11,6.6),(7.7,8.8)); 5
((11.11,6.6),(7.7,9.9)); 1
((11.11,6.6),(8.8,9.9)); 1
((11.11,7.7),(2.2,3.3)); 5
((11.11,7.7),(2.2,4.4)); 5
((11.11,7.7),(3.3,4.4)); 5
((11.11,7.7),(5.5,6.6)); 5
((11.11,8.8),(2.2,3.3)); 5
((11.11,8.8),(2.2,4.4)); 5
((11.11,8.8),(3.3,4.4)); 5
((11.11,8.8),(5.5,6.6)); 5
((11.11,9.9),(2.2,3.3)); 5
((11.11,9.9),(2.2,4.4)); 5
((11.11,9.9),(3.3,4.4)); 5
((11.11,9.9),(5.5,6.6)); 5
((11.11,9.9),(5.5,7.7)); 4
((11.11,9.9),(5.5,8.8)); 4
((11.11,9.9),(6.6,7.7)); 4
((11.11,9.9),(6.6,8.8)); 4
((11.11,9.9),(7.7,8.8)); 5
((2.2,3.3),(4.4,5.5)); 4
((2.2,3.3),(4.4,6.6)); 4
((2.2,3.3),(4.4,7.7)); 4
((2.2,3.3),(4.4,8.8)); 4
((2.2,3.3),(4.4,9.9)); 4
((2.2,3.3),(5.5,6.6)); 5
((2.2,3.3),(5.5,7.7)); 5
((2.2,3.3),(5.5,8.8)); 5
((2.2,3.3),(5.5,9.9)); 5
((2.2,3.3),(6.6,7.7)); 5
((2.2,3.3),(6.6,8.8)); 5
((2.2,3.3),(6.6,9.9)); 5
((2.2,3.3),(7.7,8.8)); 5
((2.2,3.3),(7.7,9.9)); 5
((2.2,3.3),(8.8,9.9)); 5
((2.2,4.4),(3.3,5.5)); 1
((2.2,4.4),(3.3,6.6)); 1
((2.2,4.4),(3.3,7.7)); 1
((2.2,4.4),(3.3,8.8)); 1
((2.2,4.4),(3.3,9.9)); 1
((2.2,4.4),(5.5,6.6)); 5
((2.2,4.4),(5.5,7.7)); 5
((2.2,4.4),(5.5,8.8)); 5
((2.2,4.4),(5.5,9.9)); 5
((2.2,4.4),(6.6,7.7)); 5
((2.2,4.4),(6.6,8.8)); 5
((2.2,4.4),(6.6,9.9)); 5
((2.2,4.4),(7.7,8.8)); 5
((2.2,4.4),(7.7,9.9)); 5
((2.2,4.4),(8.8,9.9)); 5
((2.2,5.5),(7.7,8.8)); 5
((2.2,5.5),(7.7,9.9)); 1
((2.2,5.5),(8.8,9.9)); 1
((2.2,6.6),(7.7,8.8)); 5
((2.2,6.6),(7.7,9.9)); 1
((2.2,6.6),(8.8,9.9)); 1
((2.2,7.7),(5.5,6.6)); 5
((2.2,8.8),(5.5,6.6)); 5
((2.2,9.9),(5.5,6.6)); 5
((2.2,9.9),(5.5,7.7)); 4
((2.2,9.9),(5.5,8.8)); 4
((2.2,9.9),(6.6,7.7)); 4
((2.2,9.9),(6.6,8.8)); 4
((2.2,9.9),(7.7,8.8)); 5
((3.3,4.4),(5.5,6.6)); 5
((3.3,4.4),(5.5,7.7)); 5
((3.3,4.4),(5.5,8.8)); 5
((3.3,4.4),(5.5,9.9)); 5
((3.3,4.4),(6.6,7.7)); 5
((3.3,4.4),(6.6,8.8)); 5
((3.3,4.4),(6.6,9.9)); 5
((3.3,4.4),(7.7,8.8)); 5
((3.3,4.4),(7.7,9.9)); 5
((3.3,4.4),(8.8,9.9)); 5
((3.3,5.5),(7.7,8.8)); 5
((3.3,5.5),(7.7,9.9)); 1
((3.3,5.5),(8.8,9.9)); 1
((3.3,6.6),(7.7,8.8)); 5
((3.3,6.6),(7.7,9.9)); 1
((3.3,6.6),(8.8,9.9)); 1
((3.3,7.7),(5.5,6.6)); 5
((3.3,8.8),(5.5,6.6)); 5
((3.3,9.9),(5.5,6.6)); 5
((3.3,9.9),(5.5,7.7)); 4
((3.3,9.9),(5.5,8.8)); 4
((3.3,9.9),(6.6,7.7)); 4
((3.3,9.9),(6.6,8.8)); 4
((3.3,9.9),(7.7,8.8)); 5
((4.4,5.5),(7.7,8.8)); 5
((4.4,5.5),(7.7,9.9)); 1
((4.4,5.5),(8.8,9.9)); 1
((4.4,6.6),(7.7,8.8)); 5
((4.4,6.6),(7.7,9.9)); 1
((4.4,6.6),(8.8,9.9)); 1
((4.4,7.7),(5.5,6.6)); 5
((4.4,8.8),(5.5,6.6)); 5
((4.4,9.9),(5.5,6.6)); 5
((4.4,9.9),(5.5,7.7)); 4
((4.4,9.9),(5.5,8.8)); 4
((4.4,9.9),(6.6,7.7)); 4
((4.4,9.9),(6.6,8.8)); 4
((4.4,9.9),(7.7,8.8)); 5
((5.5,6.6),(7.7,8.8)); 5
((5.5,6.6),(7.7,9.9)); 5
((5.5,6.6),(8.8,9.9)); 5
((5.5,9.9),(7.7,8.8)); 5
((6.6,9.9),(7.7,8.8)); 5
