((1,10),(11,3)); 1
((1,10),(11,5)); 2
((1,10),(11,6)); 1
((1,10),(11,7)); 2
((1,10),(11,8)); 1
((1,10),(2,3)); 31
((1,10),(2,4)); 20
((1,10),(2,5)); 1
((1,10),(2,8)); 1
((1,10),(3,4)); 22
((1,10),(3,5)); 1
((1,10),(3,6)); 1
((1,10),(3,7)); 1
((1,10),(3,9)); 1
((1,10),(5,6)); 72
((1,10),(5,7)); 55
((1,10),(5,8)); 53
((1,10),(5,9)); 48
((1,10),(6,7)); 61
((1,10),(6,8)); 56
((1,10),(6,9)); 60
((1,10),(7,8)); 84
((1,10),(7,9)); 59
((1,10),(8,9)); 59
((1,11),(10,2)); 1
((1,11),(10,4)); 1
((1,11),(10,5)); 94
((1,11),(10,6)); 95
((1,11),(10,7)); 93
((1,11),(10,8)); 93
((1,11),(10,9)); 95
((1,11),(2,3)); 31
((1,11),(2,4)); 20
((1,11),(2,5)); 2
((1,11),(2,6)); 1
((1,11),(2,7)); 1
((1,11),(2,8)); 2
((1,11),(2,9)); 1
((1,11),(3,4)); 22
((1,11),(3,5)); 1
((1,11),(3,6)); 1
((1,11),(3,7)); 1
((1,11),(3,9)); 1
((1,11),(4,5)); 1
((1,11),(4,6)); 1
((1,11),(4,7)); 1
((1,11),(4,8)); 1
((1,11),(4,9)); 1
((1,11),(5,6)); 97
((1,11),(5,7)); 94
((1,11),(5,8)); 94
((1,11),(5,9)); 95
((1,11),(6,7)); 95
((1,11),(6,8)); 94
((1,11),(6,9)); 97
((1,11),(7,8)); 98
((1,11),(7,9)); 96
((1,11),(8,9)); 95
((1,2),(10,11)); 99
((1,2),(10,3)); 33
((1,2),(10,4)); 54
((1,2),(10,5)); 99
((1,2),(10,6)); 99
((1,2),(10,7)); 99
((1,2),(10,8)); 98
((1,2),(10,9)); 98
((1,2),(11,3)); 34
((1,2),(11,4)); 54
((1,2),(11,5)); 98
((1,2),(11,6)); 98
((1,2),(11,7)); 98
((1,2),(11,8)); 97
((1,2),(11,9)); 97
((1,2),(3,4)); 34
((1,2),(3,5)); 34
((1,2),(3,6)); 34
((1,2),(3,7)); 34
((1,2),(3,8)); 33
((1,2),(3,9)); 34
((1,2),(4,5)); 54
((1,2),(4,6)); 54
((1,2),(4,7)); 54
((1,2),(4,8)); 54
((1,2),(4,9)); 54
((1,2),(5,6)); 98
((1,2),(5,7)); 98
((1,2),(5,8)); 98
((1,2),(5,9)); 98
((1,2),(6,7)); 100
((1,2),(6,8)); 98
((1,2),(6,9)); 99
((1,2),(7,8)); 98
((1,2),(7,9)); 99
((1,2),(8,9)); 98
((1,3),(10,11)); 99
((1,3),(10,2)); 36
((1,3),(10,4)); 58
((1,3),(10,5)); 99
((1,3),(10,6)); 99
((1,3),(10,7)); 99
((1,3),(10,8)); 99
((1,3),(10,9)); 98
((1,3),(11,2)); 35
((1,3),(11,4)); 58
((1,3),(11,5)); 98
((1,3),(11,6)); 98
((1,3),(11,7)); 98
((1,3),(11,8)); 98
((1,3),(11,9)); 97
((1,3),(2,4)); 32
((1,3),(2,5)); 36
((1,3),(2,6)); 35
((1,3),(2,7)); 35
((1,3),(2,8)); 36
((1,3),(2,9)); 35
((1,3),(4,5)); 58
((1,3),(4,6)); 58
((1,3),(4,7)); 58
((1,3),(4,8)); 58
((1,3),(4,9)); 58
((1,3),(5,6)); 98
((1,3),(5,7)); 98
((1,3),(5,8)); 99
((1,3),(5,9)); 98
((1,3),(6,7)); 99
((1,3),(6,8)); 98
((1,3),(6,9)); 99
((1,3),(7,8)); 98
((1,3),(7,9)); 98
((1,3),(8,9)); 98
((1,4),(10,11)); 99
((1,4),(10,2)); 26
((1,4),(10,3)); 20
((1,4),(10,5)); 99
((1,4),(10,6)); 99
((1,4),(10,7)); 99
((1,4),(10,8)); 98
((1,4),(10,9)); 98
((1,4),(11,2)); 26
((1,4),(11,3)); 20
((1,4),(11,5)); 98
((1,4),(11,6)); 98
((1,4),(11,7)); 98
((1,4),(11,8)); 97
((1,4),(11,9)); 97
((1,4),(2,3)); 34
((1,4),(2,5)); 26
((1,4),(2,6)); 26
((1,4),(2,7)); 26
((1,4),(2,8)); 25
((1,4),(2,9)); 25
((1,4),(3,5)); 20
((1,4),(3,6)); 20
((1,4),(3,7)); 20
((1,4),(3,8)); 19
((1,4),(3,9)); 19
((1,4),(5,6)); 100
((1,4),(5,7)); 99
((1,4),(5,8)); 98
((1,4),(5,9)); 98
((1,4),(6,7)); 99
((1,4),(6,8)); 98
((1,4),(6,9)); 98
((1,4),(7,8)); 99
((1,4),(7,9)); 99
((1,4),(8,9)); 99
((1,5),(10,11)); 4
((1,5),(10,4)); 1
((1,5),(10,6)); 12
((1,5),(10,7)); 21
((1,5),(10,8)); 21
((1,5),(10,9)); 23
((1,5),(11,3)); 1
((1,5),(11,4)); 1
((1,5),(11,6)); 1
((1,5),(11,7)); 3
((1,5),(11,8)); 2
((1,5),(11,9)); 1
((1,5),(2,3)); 30
((1,5),(2,4)); 20
((1,5),(2,8)); 1
((1,5),(3,4)); 22
((1,5),(3,6)); 1
((1,5),(3,7)); 1
((1,5),(3,9)); 1
((1,5),(4,7)); 1
((1,5),(4,8)); 1
((1,5),(4,9)); 1
((1,5),(6,7)); 19
((1,5),(6,8)); 13
((1,5),(6,9)); 19
((1,5),(7,8)); 78
((1,5),(7,9)); 40
((1,5),(8,9)); 37
((1,6),(10,11)); 4
((1,6),(10,2)); 1
((1,6),(10,4)); 1
((1,6),(10,5)); 16
((1,6),(10,7)); 21
((1,6),(10,8)); 22
((1,6),(10,9)); 19
((1,6),(11,2)); 1
((1,6),(11,3)); 1
((1,6),(11,4)); 1
((1,6),(11,5)); 2
((1,6),(11,7)); 2
((1,6),(11,8)); 3
((1,6),(11,9)); 1
((1,6),(2,3)); 31
((1,6),(2,4)); 20
((1,6),(2,5)); 2
((1,6),(2,8)); 1
((1,6),(3,4)); 22
((1,6),(3,5)); 1
((1,6),(3,7)); 1
((1,6),(4,7)); 1
((1,6),(4,8)); 1
((1,6),(4,9)); 1
((1,6),(5,7)); 12
((1,6),(5,8)); 17
((1,6),(5,9)); 10
((1,6),(7,8)); 78
((1,6),(7,9)); 35
((1,6),(8,9)); 37
((1,7),(10,11)); 5
((1,7),(10,2)); 1
((1,7),(10,4)); 1
((1,7),(10,5)); 24
((1,7),(10,6)); 18
((1,7),(10,8)); 9
((1,7),(10,9)); 19
((1,7),(11,2)); 1
((1,7),(11,3)); 1
((1,7),(11,4)); 1
((1,7),(11,5)); 3
((1,7),(11,6)); 3
((1,7),(11,8)); 1
((1,7),(11,9)); 1
((1,7),(2,3)); 31
((1,7),(2,4)); 20
((1,7),(2,5)); 2
((1,7),(2,8)); 1
((1,7),(3,4)); 22
((1,7),(3,5)); 1
((1,7),(5,6)); 69
((1,7),(5,8)); 14
((1,7),(5,9)); 26
((1,7),(6,8)); 11
((1,7),(6,9)); 30
((1,7),(8,9)); 10
((1,8),(10,11)); 6
((1,8),(10,2)); 1
((1,8),(10,3)); 1
((1,8),(10,4)); 2
((1,8),(10,5)); 26
((1,8),(10,6)); 22
((1,8),(10,7)); 7
((1,8),(10,9)); 17
((1,8),(11,2)); 1
((1,8),(11,3)); 2
((1,8),(11,4)); 2
((1,8),(11,5)); 4
((1,8),(11,6)); 3
((1,8),(11,7)); 1
((1,8),(11,9)); 1
((1,8),(2,3)); 31
((1,8),(2,4)); 21
((1,8),(2,5)); 1
((1,8),(2,6)); 1
((1,8),(2,7)); 1
((1,8),(3,4)); 23
((1,8),(3,5)); 1
((1,8),(3,6)); 2
((1,8),(3,7)); 2
((1,8),(3,9)); 1
((1,8),(4,5)); 1
((1,8),(4,6)); 1
((1,8),(4,7)); 1
((1,8),(5,6)); 70
((1,8),(5,7)); 8
((1,8),(5,9)); 24
((1,8),(6,7)); 11
((1,8),(6,9)); 28
((1,8),(7,9)); 11
((1,9),(10,11)); 5
((1,9),(10,2)); 2
((1,9),(10,3)); 1
((1,9),(10,4)); 2
((1,9),(10,5)); 29
((1,9),(10,6)); 21
((1,9),(10,7)); 22
((1,9),(10,8)); 24
((1,9),(11,2)); 2
((1,9),(11,3)); 2
((1,9),(11,4)); 2
((1,9),(11,5)); 4
((1,9),(11,6)); 2
((1,9),(11,7)); 3
((1,9),(11,8)); 4
((1,9),(2,3)); 31
((1,9),(2,4)); 21
((1,9),(2,5)); 2
((1,9),(2,6)); 1
((1,9),(2,7)); 1
((1,9),(2,8)); 2
((1,9),(3,4)); 23
((1,9),(3,5)); 1
((1,9),(3,6)); 1
((1,9),(3,7)); 2
((1,9),(3,8)); 1
((1,9),(4,5)); 1
((1,9),(4,6)); 1
((1,9),(4,7)); 1
((1,9),(4,8)); 1
((1,9),(5,6)); 71
((1,9),(5,7)); 34
((1,9),(5,8)); 39
((1,9),(6,7)); 35
((1,9),(6,8)); 35
((1,9),(7,8)); 79
((10,11),(2,3)); 99
((10,11),(2,4)); 98
((10,11),(2,5)); 4
((10,11),(2,6)); 4
((10,11),(2,7)); 5
((10,11),(2,8)); 6
((10,11),(2,9)); 5
((10,11),(3,4)); 98
((10,11),(3,5)); 4
((10,11),(3,6)); 4
((10,11),(3,7)); 5
((10,11),(3,8)); 6
((10,11),(3,9)); 5
((10,11),(4,5)); 4
((10,11),(4,6)); 4
((10,11),(4,7)); 5
((10,11),(4,8)); 6
((10,11),(4,9)); 5
((10,11),(5,6)); 72
((10,11),(5,7)); 57
((10,11),(5,8)); 56
((10,11),(5,9)); 51
((10,11),(6,7)); 62
((10,11),(6,8)); 59
((10,11),(6,9)); 62
((10,11),(7,8)); 85
((10,11),(7,9)); 60
((10,11),(8,9)); 62
((10,2),(11,3)); 1
((10,2),(11,4)); 1
((10,2),(11,5)); 2
((10,2),(11,6)); 1
((10,2),(11,7)); 2
((10,2),(11,8)); 1
((10,2),(3,4)); 30
((10,2),(3,5)); 1
((10,2),(3,6)); 1
((10,2),(3,7)); 1
((10,2),(3,9)); 1
((10,2),(4,6)); 1
((10,2),(4,7)); 1
((10,2),(4,8)); 1
((10,2),(4,9)); 2
((10,2),(5,6)); 72
((10,2),(5,7)); 55
((10,2),(5,8)); 53
((10,2),(5,9)); 48
((10,2),(6,7)); 61
((10,2),(6,8)); 56
((10,2),(6,9)); 60
((10,2),(7,8)); 84
((10,2),(7,9)); 59
((10,2),(8,9)); 60
((10,3),(11,5)); 2
((10,3),(11,6)); 1
((10,3),(11,7)); 2
((10,3),(11,8)); 1
((10,3),(2,4)); 20
((10,3),(2,8)); 1
((10,3),(4,8)); 1
((10,3),(4,9)); 1
((10,3),(5,6)); 72
((10,3),(5,7)); 55
((10,3),(5,8)); 53
((10,3),(5,9)); 48
((10,3),(6,7)); 60
((10,3),(6,8)); 56
((10,3),(6,9)); 60
((10,3),(7,8)); 84
((10,3),(7,9)); 58
((10,3),(8,9)); 60
((10,4),(11,2)); 1
((10,4),(11,3)); 2
((10,4),(11,5)); 2
((10,4),(11,6)); 1
((10,4),(11,7)); 2
((10,4),(11,8)); 1
((10,4),(2,3)); 50
((10,4),(2,5)); 2
((10,4),(2,6)); 1
((10,4),(2,7)); 1
((10,4),(2,8)); 2
((10,4),(2,9)); 1
((10,4),(3,5)); 2
((10,4),(3,6)); 2
((10,4),(3,7)); 2
((10,4),(3,8)); 1
((10,4),(3,9)); 2
((10,4),(5,6)); 72
((10,4),(5,7)); 56
((10,4),(5,8)); 54
((10,4),(5,9)); 49
((10,4),(6,7)); 62
((10,4),(6,8)); 57
((10,4),(6,9)); 61
((10,4),(7,8)); 84
((10,4),(7,9)); 59
((10,4),(8,9)); 60
((10,5),(11,2)); 94
((10,5),(11,3)); 94
((10,5),(11,4)); 94
((10,5),(11,6)); 16
((10,5),(11,7)); 22
((10,5),(11,8)); 22
((10,5),(11,9)); 26
((10,5),(2,3)); 99
((10,5),(2,4)); 98
((10,5),(2,6)); 16
((10,5),(2,7)); 24
((10,5),(2,8)); 25
((10,5),(2,9)); 28
((10,5),(3,4)); 98
((10,5),(3,6)); 16
((10,5),(3,7)); 24
((10,5),(3,8)); 25
((10,5),(3,9)); 28
((10,5),(4,6)); 16
((10,5),(4,7)); 24
((10,5),(4,8)); 26
((10,5),(4,9)); 29
((10,5),(6,7)); 24
((10,5),(6,8)); 21
((10,5),(6,9)); 22
((10,5),(7,8)); 78
((10,5),(7,9)); 43
((10,5),(8,9)); 41
((10,6),(11,2)); 95
((10,6),(11,3)); 95
((10,6),(11,4)); 95
((10,6),(11,5)); 12
((10,6),(11,7)); 17
((10,6),(11,8)); 20
((10,6),(11,9)); 19
((10,6),(2,3)); 99
((10,6),(2,4)); 98
((10,6),(2,5)); 12
((10,6),(2,7)); 18
((10,6),(2,8)); 23
((10,6),(2,9)); 21
((10,6),(3,4)); 98
((10,6),(3,5)); 12
((10,6),(3,7)); 19
((10,6),(3,8)); 22
((10,6),(3,9)); 21
((10,6),(4,5)); 12
((10,6),(4,7)); 18
((10,6),(4,8)); 22
((10,6),(4,9)); 21
((10,6),(5,7)); 10
((10,6),(5,8)); 14
((10,6),(5,9)); 10
((10,6),(7,8)); 78
((10,6),(7,9)); 37
((10,6),(8,9)); 38
((10,7),(11,2)); 93
((10,7),(11,3)); 93
((10,7),(11,4)); 93
((10,7),(11,5)); 21
((10,7),(11,6)); 21
((10,7),(11,8)); 6
((10,7),(11,9)); 20
((10,7),(2,3)); 99
((10,7),(2,4)); 98
((10,7),(2,5)); 21
((10,7),(2,6)); 21
((10,7),(2,8)); 8
((10,7),(2,9)); 22
((10,7),(3,4)); 98
((10,7),(3,5)); 21
((10,7),(3,6)); 21
((10,7),(3,8)); 7
((10,7),(3,9)); 22
((10,7),(4,5)); 20
((10,7),(4,6)); 20
((10,7),(4,8)); 7
((10,7),(4,9)); 22
((10,7),(5,6)); 66
((10,7),(5,8)); 12
((10,7),(5,9)); 23
((10,7),(6,8)); 10
((10,7),(6,9)); 28
((10,7),(8,9)); 9
((10,8),(11,2)); 93
((10,8),(11,3)); 93
((10,8),(11,4)); 93
((10,8),(11,5)); 22
((10,8),(11,6)); 21
((10,8),(11,7)); 9
((10,8),(11,9)); 21
((10,8),(2,3)); 99
((10,8),(2,4)); 97
((10,8),(2,5)); 22
((10,8),(2,6)); 21
((10,8),(2,7)); 8
((10,8),(2,9)); 22
((10,8),(3,4)); 98
((10,8),(3,5)); 22
((10,8),(3,6)); 22
((10,8),(3,7)); 9
((10,8),(3,9)); 23
((10,8),(4,5)); 20
((10,8),(4,6)); 21
((10,8),(4,7)); 9
((10,8),(4,9)); 23
((10,8),(5,6)); 65
((10,8),(5,7)); 10
((10,8),(5,9)); 22
((10,8),(6,7)); 12
((10,8),(6,9)); 30
((10,8),(7,9)); 14
((10,9),(11,2)); 95
((10,9),(11,3)); 95
((10,9),(11,4)); 95
((10,9),(11,5)); 23
((10,9),(11,6)); 19
((10,9),(11,7)); 20
((10,9),(11,8)); 17
((10,9),(2,3)); 99
((10,9),(2,4)); 97
((10,9),(2,5)); 24
((10,9),(2,6)); 19
((10,9),(2,7)); 19
((10,9),(2,8)); 18
((10,9),(3,4)); 97
((10,9),(3,5)); 24
((10,9),(3,6)); 19
((10,9),(3,7)); 20
((10,9),(3,8)); 17
((10,9),(4,5)); 22
((10,9),(4,6)); 18
((10,9),(4,7)); 19
((10,9),(4,8)); 17
((10,9),(5,6)); 68
((10,9),(5,7)); 34
((10,9),(5,8)); 37
((10,9),(6,7)); 35
((10,9),(6,8)); 32
((10,9),(7,8)); 77
((11,2),(3,4)); 29
((11,2),(3,5)); 1
((11,2),(3,6)); 1
((11,2),(3,7)); 1
((11,2),(3,9)); 1
((11,2),(4,5)); 1
((11,2),(4,6)); 2
((11,2),(4,7)); 2
((11,2),(4,8)); 2
((11,2),(4,9)); 3
((11,2),(5,6)); 97
((11,2),(5,7)); 94
((11,2),(5,8)); 94
((11,2),(5,9)); 95
((11,2),(6,7)); 95
((11,2),(6,8)); 94
((11,2),(6,9)); 97
((11,2),(7,8)); 98
((11,2),(7,9)); 96
((11,2),(8,9)); 96
((11,3),(2,4)); 21
((11,3),(2,5)); 1
((11,3),(2,6)); 1
((11,3),(2,7)); 1
((11,3),(2,8)); 2
((11,3),(2,9)); 1
((11,3),(4,5)); 2
((11,3),(4,6)); 2
((11,3),(4,7)); 2
((11,3),(4,8)); 3
((11,3),(4,9)); 3
((11,3),(5,6)); 97
((11,3),(5,7)); 94
((11,3),(5,8)); 94
((11,3),(5,9)); 95
((11,3),(6,7)); 94
((11,3),(6,8)); 94
((11,3),(6,9)); 97
((11,3),(7,8)); 98
((11,3),(7,9)); 95
((11,3),(8,9)); 96
((11,4),(2,3)); 50
((11,4),(2,5)); 3
((11,4),(2,6)); 2
((11,4),(2,7)); 2
((11,4),(2,8)); 3
((11,4),(2,9)); 2
((11,4),(3,5)); 2
((11,4),(3,6)); 2
((11,4),(3,7)); 2
((11,4),(3,8)); 1
((11,4),(3,9)); 2
((11,4),(5,6)); 97
((11,4),(5,7)); 95
((11,4),(5,8)); 95
((11,4),(5,9)); 96
((11,4),(6,7)); 96
((11,4),(6,8)); 95
((11,4),(6,9)); 98
((11,4),(7,8)); 98
((11,4),(7,9)); 96
((11,4),(8,9)); 96
((11,5),(2,3)); 98
((11,5),(2,4)); 96
((11,5),(2,6)); 2
((11,5),(2,7)); 3
((11,5),(2,8)); 3
((11,5),(2,9)); 3
((11,5),(3,4)); 96
((11,5),(3,6)); 2
((11,5),(3,7)); 3
((11,5),(3,8)); 3
((11,5),(3,9)); 3
((11,5),(4,6)); 2
((11,5),(4,7)); 3
((11,5),(4,8)); 4
((11,5),(4,9)); 4
((11,5),(6,7)); 19
((11,5),(6,8)); 15
((11,5),(6,9)); 19
((11,5),(7,8)); 79
((11,5),(7,9)); 42
((11,5),(8,9)); 41
((11,6),(2,3)); 98
((11,6),(2,4)); 96
((11,6),(2,5)); 1
((11,6),(2,7)); 3
((11,6),(2,8)); 4
((11,6),(2,9)); 2
((11,6),(3,4)); 96
((11,6),(3,5)); 1
((11,6),(3,7)); 4
((11,6),(3,8)); 3
((11,6),(3,9)); 2
((11,6),(4,5)); 1
((11,6),(4,7)); 3
((11,6),(4,8)); 3
((11,6),(4,9)); 2
((11,6),(5,7)); 13
((11,6),(5,8)); 17
((11,6),(5,9)); 11
((11,6),(7,8)); 79
((11,6),(7,9)); 37
((11,6),(8,9)); 39
((11,7),(2,3)); 98
((11,7),(2,4)); 96
((11,7),(2,5)); 3
((11,7),(2,6)); 2
((11,7),(2,8)); 2
((11,7),(2,9)); 3
((11,7),(3,4)); 96
((11,7),(3,5)); 3
((11,7),(3,6)); 2
((11,7),(3,8)); 1
((11,7),(3,9)); 3
((11,7),(4,5)); 2
((11,7),(4,6)); 1
((11,7),(4,8)); 1
((11,7),(4,9)); 3
((11,7),(5,6)); 68
((11,7),(5,8)); 14
((11,7),(5,9)); 26
((11,7),(6,8)); 11
((11,7),(6,9)); 30
((11,7),(8,9)); 11
((11,8),(2,3)); 98
((11,8),(2,4)); 95
((11,8),(2,5)); 3
((11,8),(2,6)); 2
((11,8),(2,9)); 2
((11,8),(3,4)); 96
((11,8),(3,5)); 3
((11,8),(3,6)); 3
((11,8),(3,7)); 1
((11,8),(3,9)); 3
((11,8),(4,5)); 1
((11,8),(4,6)); 2
((11,8),(4,7)); 1
((11,8),(4,9)); 3
((11,8),(5,6)); 68
((11,8),(5,7)); 7
((11,8),(5,9)); 23
((11,8),(6,7)); 10
((11,8),(6,9)); 28
((11,8),(7,9)); 11
((11,9),(2,3)); 98
((11,9),(2,4)); 95
((11,9),(2,5)); 2
((11,9),(2,6)); 1
((11,9),(2,7)); 1
((11,9),(2,8)); 2
((11,9),(3,4)); 95
((11,9),(3,5)); 2
((11,9),(3,6)); 1
((11,9),(3,7)); 2
((11,9),(3,8)); 1
((11,9),(4,7)); 1
((11,9),(4,8)); 1
((11,9),(5,6)); 70
((11,9),(5,7)); 32
((11,9),(5,8)); 36
((11,9),(6,7)); 33
((11,9),(6,8)); 33
((11,9),(7,8)); 78
((2,3),(4,5)); 49
((2,3),(4,6)); 50
((2,3),(4,7)); 50
((2,3),(4,8)); 50
((2,3),(4,9)); 50
((2,3),(5,6)); 98
((2,3),(5,7)); 98
((2,3),(5,8)); 98
((2,3),(5,9)); 98
((2,3),(6,7)); 99
((2,3),(6,8)); 99
((2,3),(6,9)); 100
((2,3),(7,8)); 99
((2,3),(7,9)); 99
((2,3),(8,9)); 99
((2,4),(3,5)); 21
((2,4),(3,6)); 21
((2,4),(3,7)); 21
((2,4),(3,8)); 20
((2,4),(3,9)); 21
((2,4),(5,6)); 98
((2,4),(5,7)); 97
((2,4),(5,8)); 97
((2,4),(5,9)); 97
((2,4),(6,7)); 99
((2,4),(6,8)); 97
((2,4),(6,9)); 98
((2,4),(7,8)); 98
((2,4),(7,9)); 99
((2,4),(8,9)); 99
((2,5),(3,4)); 30
((2,5),(3,6)); 1
((2,5),(3,7)); 1
((2,5),(3,9)); 1
((2,5),(4,6)); 2
((2,5),(4,7)); 3
((2,5),(4,8)); 2
((2,5),(4,9)); 3
((2,5),(6,7)); 19
((2,5),(6,8)); 14
((2,5),(6,9)); 20
((2,5),(7,8)); 79
((2,5),(7,9)); 41
((2,5),(8,9)); 38
((2,6),(3,4)); 29
((2,6),(3,5)); 1
((2,6),(3,7)); 1
((2,6),(4,7)); 1
((2,6),(4,8)); 2
((2,6),(4,9)); 2
((2,6),(5,7)); 12
((2,6),(5,8)); 16
((2,6),(5,9)); 10
((2,6),(7,8)); 78
((2,6),(7,9)); 35
((2,6),(8,9)); 38
((2,7),(3,4)); 29
((2,7),(3,5)); 1
((2,7),(4,8)); 1
((2,7),(4,9)); 1
((2,7),(5,6)); 69
((2,7),(5,8)); 13
((2,7),(5,9)); 26
((2,7),(6,8)); 11
((2,7),(6,9)); 30
((2,7),(8,9)); 11
((2,8),(3,4)); 30
((2,8),(3,5)); 2
((2,8),(3,6)); 1
((2,8),(3,7)); 1
((2,8),(3,9)); 1
((2,8),(4,5)); 1
((2,8),(4,6)); 1
((2,8),(4,7)); 1
((2,8),(4,9)); 1
((2,8),(5,6)); 70
((2,8),(5,7)); 8
((2,8),(5,9)); 25
((2,8),(6,7)); 11
((2,8),(6,9)); 28
((2,8),(7,9)); 11
((2,9),(3,4)); 29
((2,9),(3,5)); 1
((2,9),(3,7)); 1
((2,9),(5,6)); 70
((2,9),(5,7)); 33
((2,9),(5,8)); 37
((2,9),(6,7)); 35
((2,9),(6,8)); 34
((2,9),(7,8)); 78
((3,4),(5,6)); 98
((3,4),(5,7)); 97
((3,4),(5,8)); 98
((3,4),(5,9)); 97
((3,4),(6,7)); 98
((3,4),(6,8)); 97
((3,4),(6,9)); 98
((3,4),(7,8)); 98
((3,4),(7,9)); 98
((3,4),(8,9)); 99
((3,5),(4,6)); 1
((3,5),(4,7)); 2
((3,5),(4,8)); 2
((3,5),(4,9)); 2
((3,5),(6,7)); 18
((3,5),(6,8)); 14
((3,5),(6,9)); 20
((3,5),(7,8)); 79
((3,5),(7,9)); 40
((3,5),(8,9)); 38
((3,6),(4,5)); 1
((3,6),(4,7)); 1
((3,6),(4,8)); 3
((3,6),(4,9)); 2
((3,6),(5,7)); 12
((3,6),(5,8)); 17
((3,6),(5,9)); 10
((3,6),(7,8)); 78
((3,6),(7,9)); 35
((3,6),(8,9)); 38
((3,7),(4,5)); 1
((3,7),(4,6)); 1
((3,7),(4,8)); 2
((3,7),(4,9)); 2
((3,7),(5,6)); 70
((3,7),(5,8)); 14
((3,7),(5,9)); 27
((3,7),(6,8)); 12
((3,7),(6,9)); 30
((3,7),(8,9)); 12
((3,8),(5,6)); 69
((3,8),(5,7)); 7
((3,8),(5,9)); 24
((3,8),(6,7)); 10
((3,8),(6,9)); 28
((3,8),(7,9)); 10
((3,9),(4,5)); 1
((3,9),(4,8)); 1
((3,9),(5,6)); 70
((3,9),(5,7)); 33
((3,9),(5,8)); 38
((3,9),(6,7)); 35
((3,9),(6,8)); 34
((3,9),(7,8)); 78
((4,5),(6,7)); 19
((4,5),(6,8)); 13
((4,5),(6,9)); 19
((4,5),(7,8)); 78
((4,5),(7,9)); 40
((4,5),(8,9)); 38
((4,6),(5,7)); 12
((4,6),(5,8)); 17
((4,6),(5,9)); 10
((4,6),(7,8)); 78
((4,6),(7,9)); 35
((4,6),(8,9)); 38
((4,7),(5,6)); 69
((4,7),(5,8)); 14
((4,7),(5,9)); 26
((4,7),(6,8)); 11
((4,7),(6,9)); 30
((4,7),(8,9)); 11
((4,8),(5,6)); 70
((4,8),(5,7)); 8
((4,8),(5,9)); 24
((4,8),(6,7)); 11
((4,8),(6,9)); 28
((4,8),(7,9)); 11
((4,9),(5,6)); 71
((4,9),(5,7)); 34
((4,9),(5,8)); 38
((4,9),(6,7)); 35
((4,9),(6,8)); 34
((4,9),(7,8)); 78
((5,6),(7,8)); 88
((5,6),(7,9)); 67
((5,6),(8,9)); 70
((5,7),(6,8)); 2
((5,7),(6,9)); 19
((5,7),(8,9)); 10
((5,8),(6,7)); 10
((5,8),(6,9)); 21
((5,8),(7,9)); 16
((5,9),(6,7)); 14
((5,9),(6,8)); 9
((5,9),(7,8)); 74
((6,7),(8,9)); 12
((6,8),(7,9)); 11
((6,9),(7,8)); 77
