((1,10),(11,3)); 0.01
((1,10),(11,5)); 0.02
((1,10),(11,6)); 0.01
((1,10),(11,7)); 0.02
((1,10),(11,8)); 0.01
((1,10),(2,3)); 0.31
((1,10),(2,4)); 0.2
((1,10),(2,5)); 0.01
((1,10),(2,8)); 0.01
((1,10),(3,4)); 0.22
((1,10),(3,5)); 0.01
((1,10),(3,6)); 0.01
((1,10),(3,7)); 0.01
((1,10),(3,9)); 0.01
((1,10),(5,6)); 0.72
((1,10),(5,7)); 0.55
((1,10),(5,8)); 0.53
((1,10),(5,9)); 0.48
((1,10),(6,7)); 0.61
((1,10),(6,8)); 0.56
((1,10),(6,9)); 0.6
((1,10),(7,8)); 0.84
((1,10),(7,9)); 0.59
((1,10),(8,9)); 0.59
((1,11),(10,2)); 0.01
((1,11),(10,4)); 0.01
((1,11),(10,5)); 0.94
((1,11),(10,6)); 0.95
((1,11),(10,7)); 0.93
((1,11),(10,8)); 0.93
((1,11),(10,9)); 0.95
((1,11),(2,3)); 0.31
((1,11),(2,4)); 0.2
((1,11),(2,5)); 0.02
((1,11),(2,6)); 0.01
((1,11),(2,7)); 0.01
((1,11),(2,8)); 0.02
((1,11),(2,9)); 0.01
((1,11),(3,4)); 0.22
((1,11),(3,5)); 0.01
((1,11),(3,6)); 0.01
((1,11),(3,7)); 0.01
((1,11),(3,9)); 0.01
((1,11),(4,5)); 0.01
((1,11),(4,6)); 0.01
((1,11),(4,7)); 0.01
((1,11),(4,8)); 0.01
((1,11),(4,9)); 0.01
((1,11),(5,6)); 0.97
((1,11),(5,7)); 0.94
((1,11),(5,8)); 0.94
((1,11),(5,9)); 0.95
((1,11),(6,7)); 0.95
((1,11),(6,8)); 0.94
((1,11),(6,9)); 0.97
((1,11),(7,8)); 0.98
((1,11),(7,9)); 0.96
((1,11),(8,9)); 0.95
((1,2),(10,11)); 0.99
((1,2),(10,3)); 0.33
((1,2),(10,4)); 0.54
((1,2),(10,5)); 0.99
((1,2),(10,6)); 0.99
((1,2),(10,7)); 0.99
((1,2),(10,8)); 0.98
((1,2),(10,9)); 0.98
((1,2),(11,3)); 0.34
((1,2),(11,4)); 0.54
((1,2),(11,5)); 0.98
((1,2),(11,6)); 0.98
((1,2),(11,7)); 0.98
((1,2),(11,8)); 0.97
((1,2),(11,9)); 0.97
((1,2),(3,4)); 0.34
((1,2),(3,5)); 0.34
((1,2),(3,6)); 0.34
((1,2),(3,7)); 0.34
((1,2),(3,8)); 0.33
((1,2),(3,9)); 0.34
((1,2),(4,5)); 0.54
((1,2),(4,6)); 0.54
((1,2),(4,7)); 0.54
((1,2),(4,8)); 0.54
((1,2),(4,9)); 0.54
((1,2),(5,6)); 0.98
((1,2),(5,7)); 0.98
((1,2),(5,8)); 0.98
((1,2),(5,9)); 0.98
((1,2),(6,7)); 1.0
((1,2),(6,8)); 0.98
((1,2),(6,9)); 0.99
((1,2),(7,8)); 0.98
((1,2),(7,9)); 0.99
((1,2),(8,9)); 0.98
((1,3),(10,11)); 0.99
((1,3),(10,2)); 0.36
((1,3),(10,4)); 0.58
((1,3),(10,5)); 0.99
((1,3),(10,6)); 0.99
((1,3),(10,7)); 0.99
((1,3),(10,8)); 0.99
((1,3),(10,9)); 0.98
((1,3),(11,2)); 0.35
((1,3),(11,4)); 0.58
((1,3),(11,5)); 0.98
((1,3),(11,6)); 0.98
((1,3),(11,7)); 0.98
((1,3),(11,8)); 0.98
((1,3),(11,9)); 0.97
((1,3),(2,4)); 0.32
((1,3),(2,5)); 0.36
((1,3),(2,6)); 0.35
((1,3),(2,7)); 0.35
((1,3),(2,8)); 0.36
((1,3),(2,9)); 0.35
((1,3),(4,5)); 0.58
((1,3),(4,6)); 0.58
((1,3),(4,7)); 0.58
((1,3),(4,8)); 0.58
((1,3),(4,9)); 0.58
((1,3),(5,6)); 0.98
((1,3),(5,7)); 0.98
((1,3),(5,8)); 0.99
((1,3),(5,9)); 0.98
((1,3),(6,7)); 0.99
((1,3),(6,8)); 0.98
((1,3),(6,9)); 0.99
((1,3),(7,8)); 0.98
((1,3),(7,9)); 0.98
((1,3),(8,9)); 0.98
((1,4),(10,11)); 0.99
((1,4),(10,2)); 0.26
((1,4),(10,3)); 0.2
((1,4),(10,5)); 0.99
((1,4),(10,6)); 0.99
((1,4),(10,7)); 0.99
((1,4),(10,8)); 0.98
((1,4),(10,9)); 0.98
((1,4),(11,2)); 0.26
((1,4),(11,3)); 0.2
((1,4),(11,5)); 0.98
((1,4),(11,6)); 0.98
((1,4),(11,7)); 0.98
((1,4),(11,8)); 0.97
((1,4),(11,9)); 0.97
((1,4),(2,3)); 0.34
((1,4),(2,5)); 0.26
((1,4),(2,6)); 0.26
((1,4),(2,7)); 0.26
((1,4),(2,8)); 0.25
((1,4),(2,9)); 0.25
((1,4),(3,5)); 0.2
((1,4),(3,6)); 0.2
((1,4),(3,7)); 0.2
((1,4),(3,8)); 0.19
((1,4),(3,9)); 0.19
((1,4),(5,6)); 1.0
((1,4),(5,7)); 0.99
((1,4),(5,8)); 0.98
((1,4),(5,9)); 0.98
((1,4),(6,7)); 0.99
((1,4),(6,8)); 0.98
((1,4),(6,9)); 0.98
((1,4),(7,8)); 0.99
((1,4),(7,9)); 0.99
((1,4),(8,9)); 0.99
((1,5),(10,11)); 0.04
((1,5),(10,4)); 0.01
((1,5),(10,6)); 0.12
((1,5),(10,7)); 0.21
((1,5),(10,8)); 0.21
((1,5),(10,9)); 0.23
((1,5),(11,3)); 0.01
((1,5),(11,4)); 0.01
((1,5),(11,6)); 0.01
((1,5),(11,7)); 0.03
((1,5),(11,8)); 0.02
((1,5),(11,9)); 0.01
((1,5),(2,3)); 0.3
((1,5),(2,4)); 0.2
((1,5),(2,8)); 0.01
((1,5),(3,4)); 0.22
((1,5),(3,6)); 0.01
((1,5),(3,7)); 0.01
((1,5),(3,9)); 0.01
((1,5),(4,7)); 0.01
((1,5),(4,8)); 0.01
((1,5),(4,9)); 0.01
((1,5),(6,7)); 0.19
((1,5),(6,8)); 0.13
((1,5),(6,9)); 0.19
((1,5),(7,8)); 0.78
((1,5),(7,9)); 0.4
((1,5),(8,9)); 0.37
((1,6),(10,11)); 0.04
((1,6),(10,2)); 0.01
((1,6),(10,4)); 0.01
((1,6),(10,5)); 0.16
((1,6),(10,7)); 0.21
((1,6),(10,8)); 0.22
((1,6),(10,9)); 0.19
((1,6),(11,2)); 0.01
((1,6),(11,3)); 0.01
((1,6),(11,4)); 0.01
((1,6),(11,5)); 0.02
((1,6),(11,7)); 0.02
((1,6),(11,8)); 0.03
((1,6),(11,9)); 0.01
((1,6),(2,3)); 0.31
((1,6),(2,4)); 0.2
((1,6),(2,5)); 0.02
((1,6),(2,8)); 0.01
((1,6),(3,4)); 0.22
((1,6),(3,5)); 0.01
((1,6),(3,7)); 0.01
((1,6),(4,7)); 0.01
((1,6),(4,8)); 0.01
((1,6),(4,9)); 0.01
((1,6),(5,7)); 0.12
((1,6),(5,8)); 0.17
((1,6),(5,9)); 0.1
((1,6),(7,8)); 0.78
((1,6),(7,9)); 0.35
((1,6),(8,9)); 0.37
((1,7),(10,11)); 0.05
((1,7),(10,2)); 0.01
((1,7),(10,4)); 0.01
((1,7),(10,5)); 0.24
((1,7),(10,6)); 0.18
((1,7),(10,8)); 0.09
((1,7),(10,9)); 0.19
((1,7),(11,2)); 0.01
((1,7),(11,3)); 0.01
((1,7),(11,4)); 0.01
((1,7),(11,5)); 0.03
((1,7),(11,6)); 0.03
((1,7),(11,8)); 0.01
((1,7),(11,9)); 0.01
((1,7),(2,3)); 0.31
((1,7),(2,4)); 0.2
((1,7),(2,5)); 0.02
((1,7),(2,8)); 0.01
((1,7),(3,4)); 0.22
((1,7),(3,5)); 0.01
((1,7),(5,6)); 0.69
((1,7),(5,8)); 0.14
((1,7),(5,9)); 0.26
((1,7),(6,8)); 0.11
((1,7),(6,9)); 0.3
((1,7),(8,9)); 0.1
((1,8),(10,11)); 0.06
((1,8),(10,2)); 0.01
((1,8),(10,3)); 0.01
((1,8),(10,4)); 0.02
((1,8),(10,5)); 0.26
((1,8),(10,6)); 0.22
((1,8),(10,7)); 0.07
((1,8),(10,9)); 0.17
((1,8),(11,2)); 0.01
((1,8),(11,3)); 0.02
((1,8),(11,4)); 0.02
((1,8),(11,5)); 0.04
((1,8),(11,6)); 0.03
((1,8),(11,7)); 0.01
((1,8),(11,9)); 0.01
((1,8),(2,3)); 0.31
((1,8),(2,4)); 0.21
((1,8),(2,5)); 0.01
((1,8),(2,6)); 0.01
((1,8),(2,7)); 0.01
((1,8),(3,4)); 0.23
((1,8),(3,5)); 0.01
((1,8),(3,6)); 0.02
((1,8),(3,7)); 0.02
((1,8),(3,9)); 0.01
((1,8),(4,5)); 0.01
((1,8),(4,6)); 0.01
((1,8),(4,7)); 0.01
((1,8),(5,6)); 0.7
((1,8),(5,7)); 0.08
((1,8),(5,9)); 0.24
((1,8),(6,7)); 0.11
((1,8),(6,9)); 0.28
((1,8),(7,9)); 0.11
((1,9),(10,11)); 0.05
((1,9),(10,2)); 0.02
((1,9),(10,3)); 0.01
((1,9),(10,4)); 0.02
((1,9),(10,5)); 0.29
((1,9),(10,6)); 0.21
((1,9),(10,7)); 0.22
((1,9),(10,8)); 0.24
((1,9),(11,2)); 0.02
((1,9),(11,3)); 0.02
((1,9),(11,4)); 0.02
((1,9),(11,5)); 0.04
((1,9),(11,6)); 0.02
((1,9),(11,7)); 0.03
((1,9),(11,8)); 0.04
((1,9),(2,3)); 0.31
((1,9),(2,4)); 0.21
((1,9),(2,5)); 0.02
((1,9),(2,6)); 0.01
((1,9),(2,7)); 0.01
((1,9),(2,8)); 0.02
((1,9),(3,4)); 0.23
((1,9),(3,5)); 0.01
((1,9),(3,6)); 0.01
((1,9),(3,7)); 0.02
((1,9),(3,8)); 0.01
((1,9),(4,5)); 0.01
((1,9),(4,6)); 0.01
((1,9),(4,7)); 0.01
((1,9),(4,8)); 0.01
((1,9),(5,6)); 0.71
((1,9),(5,7)); 0.34
((1,9),(5,8)); 0.39
((1,9),(6,7)); 0.35
((1,9),(6,8)); 0.35
((1,9),(7,8)); 0.79
((10,11),(2,3)); 0.99
((10,11),(2,4)); 0.98
((10,11),(2,5)); 0.04
((10,11),(2,6)); 0.04
((10,11),(2,7)); 0.05
((10,11),(2,8)); 0.06
((10,11),(2,9)); 0.05
((10,11),(3,4)); 0.98
((10,11),(3,5)); 0.04
((10,11),(3,6)); 0.04
((10,11),(3,7)); 0.05
((10,11),(3,8)); 0.06
((10,11),(3,9)); 0.05
((10,11),(4,5)); 0.04
((10,11),(4,6)); 0.04
((10,11),(4,7)); 0.05
((10,11),(4,8)); 0.06
((10,11),(4,9)); 0.05
((10,11),(5,6)); 0.72
((10,11),(5,7)); 0.57
((10,11),(5,8)); 0.56
((10,11),(5,9)); 0.51
((10,11),(6,7)); 0.62
((10,11),(6,8)); 0.59
((10,11),(6,9)); 0.62
((10,11),(7,8)); 0.85
((10,11),(7,9)); 0.6
((10,11),(8,9)); 0.62
((10,2),(11,3)); 0.01
((10,2),(11,4)); 0.01
((10,2),(11,5)); 0.02
((10,2),(11,6)); 0.01
((10,2),(11,7)); 0.02
((10,2),(11,8)); 0.01
((10,2),(3,4)); 0.3
((10,2),(3,5)); 0.01
((10,2),(3,6)); 0.01
((10,2),(3,7)); 0.01
((10,2),(3,9)); 0.01
((10,2),(4,6)); 0.01
((10,2),(4,7)); 0.01
((10,2),(4,8)); 0.01
((10,2),(4,9)); 0.02
((10,2),(5,6)); 0.72
((10,2),(5,7)); 0.55
((10,2),(5,8)); 0.53
((10,2),(5,9)); 0.48
((10,2),(6,7)); 0.61
((10,2),(6,8)); 0.56
((10,2),(6,9)); 0.6
((10,2),(7,8)); 0.84
((10,2),(7,9)); 0.59
((10,2),(8,9)); 0.6
((10,3),(11,5)); 0.02
((10,3),(11,6)); 0.01
((10,3),(11,7)); 0.02
((10,3),(11,8)); 0.01
((10,3),(2,4)); 0.2
((10,3),(2,8)); 0.01
((10,3),(4,8)); 0.01
((10,3),(4,9)); 0.01
((10,3),(5,6)); 0.72
((10,3),(5,7)); 0.55
((10,3),(5,8)); 0.53
((10,3),(5,9)); 0.48
((10,3),(6,7)); 0.6
((10,3),(6,8)); 0.56
((10,3),(6,9)); 0.6
((10,3),(7,8)); 0.84
((10,3),(7,9)); 0.58
((10,3),(8,9)); 0.6
((10,4),(11,2)); 0.01
((10,4),(11,3)); 0.02
((10,4),(11,5)); 0.02
((10,4),(11,6)); 0.01
((10,4),(11,7)); 0.02
((10,4),(11,8)); 0.01
((10,4),(2,3)); 0.5
((10,4),(2,5)); 0.02
((10,4),(2,6)); 0.01
((10,4),(2,7)); 0.01
((10,4),(2,8)); 0.02
((10,4),(2,9)); 0.01
((10,4),(3,5)); 0.02
((10,4),(3,6)); 0.02
((10,4),(3,7)); 0.02
((10,4),(3,8)); 0.01
((10,4),(3,9)); 0.02
((10,4),(5,6)); 0.72
((10,4),(5,7)); 0.56
((10,4),(5,8)); 0.54
((10,4),(5,9)); 0.49
((10,4),(6,7)); 0.62
((10,4),(6,8)); 0.57
((10,4),(6,9)); 0.61
((10,4),(7,8)); 0.84
((10,4),(7,9)); 0.59
((10,4),(8,9)); 0.6
((10,5),(11,2)); 0.94
((10,5),(11,3)); 0.94
((10,5),(11,4)); 0.94
((10,5),(11,6)); 0.16
((10,5),(11,7)); 0.22
((10,5),(11,8)); 0.22
((10,5),(11,9)); 0.26
((10,5),(2,3)); 0.99
((10,5),(2,4)); 0.98
((10,5),(2,6)); 0.16
((10,5),(2,7)); 0.24
((10,5),(2,8)); 0.25
((10,5),(2,9)); 0.28
((10,5),(3,4)); 0.98
((10,5),(3,6)); 0.16
((10,5),(3,7)); 0.24
((10,5),(3,8)); 0.25
((10,5),(3,9)); 0.28
((10,5),(4,6)); 0.16
((10,5),(4,7)); 0.24
((10,5),(4,8)); 0.26
((10,5),(4,9)); 0.29
((10,5),(6,7)); 0.24
((10,5),(6,8)); 0.21
((10,5),(6,9)); 0.22
((10,5),(7,8)); 0.78
((10,5),(7,9)); 0.43
((10,5),(8,9)); 0.41
((10,6),(11,2)); 0.95
((10,6),(11,3)); 0.95
((10,6),(11,4)); 0.95
((10,6),(11,5)); 0.12
((10,6),(11,7)); 0.17
((10,6),(11,8)); 0.2
((10,6),(11,9)); 0.19
((10,6),(2,3)); 0.99
((10,6),(2,4)); 0.98
((10,6),(2,5)); 0.12
((10,6),(2,7)); 0.18
((10,6),(2,8)); 0.23
((10,6),(2,9)); 0.21
((10,6),(3,4)); 0.98
((10,6),(3,5)); 0.12
((10,6),(3,7)); 0.19
((10,6),(3,8)); 0.22
((10,6),(3,9)); 0.21
((10,6),(4,5)); 0.12
((10,6),(4,7)); 0.18
((10,6),(4,8)); 0.22
((10,6),(4,9)); 0.21
((10,6),(5,7)); 0.1
((10,6),(5,8)); 0.14
((10,6),(5,9)); 0.1
((10,6),(7,8)); 0.78
((10,6),(7,9)); 0.37
((10,6),(8,9)); 0.38
((10,7),(11,2)); 0.93
((10,7),(11,3)); 0.93
((10,7),(11,4)); 0.93
((10,7),(11,5)); 0.21
((10,7),(11,6)); 0.21
((10,7),(11,8)); 0.06
((10,7),(11,9)); 0.2
((10,7),(2,3)); 0.99
((10,7),(2,4)); 0.98
((10,7),(2,5)); 0.21
((10,7),(2,6)); 0.21
((10,7),(2,8)); 0.08
((10,7),(2,9)); 0.22
((10,7),(3,4)); 0.98
((10,7),(3,5)); 0.21
((10,7),(3,6)); 0.21
((10,7),(3,8)); 0.07
((10,7),(3,9)); 0.22
((10,7),(4,5)); 0.2
((10,7),(4,6)); 0.2
((10,7),(4,8)); 0.07
((10,7),(4,9)); 0.22
((10,7),(5,6)); 0.66
((10,7),(5,8)); 0.12
((10,7),(5,9)); 0.23
((10,7),(6,8)); 0.1
((10,7),(6,9)); 0.28
((10,7),(8,9)); 0.09
((10,8),(11,2)); 0.93
((10,8),(11,3)); 0.93
((10,8),(11,4)); 0.93
((10,8),(11,5)); 0.22
((10,8),(11,6)); 0.21
((10,8),(11,7)); 0.09
((10,8),(11,9)); 0.21
((10,8),(2,3)); 0.99
((10,8),(2,4)); 0.97
((10,8),(2,5)); 0.22
((10,8),(2,6)); 0.21
((10,8),(2,7)); 0.08
((10,8),(2,9)); 0.22
((10,8),(3,4)); 0.98
((10,8),(3,5)); 0.22
((10,8),(3,6)); 0.22
((10,8),(3,7)); 0.09
((10,8),(3,9)); 0.23
((10,8),(4,5)); 0.2
((10,8),(4,6)); 0.21
((10,8),(4,7)); 0.09
((10,8),(4,9)); 0.23
((10,8),(5,6)); 0.65
((10,8),(5,7)); 0.1
((10,8),(5,9)); 0.22
((10,8),(6,7)); 0.12
((10,8),(6,9)); 0.3
((10,8),(7,9)); 0.14
((10,9),(11,2)); 0.95
((10,9),(11,3)); 0.95
((10,9),(11,4)); 0.95
((10,9),(11,5)); 0.23
((10,9),(11,6)); 0.19
((10,9),(11,7)); 0.2
((10,9),(11,8)); 0.17
((10,9),(2,3)); 0.99
((10,9),(2,4)); 0.97
((10,9),(2,5)); 0.24
((10,9),(2,6)); 0.19
((10,9),(2,7)); 0.19
((10,9),(2,8)); 0.18
((10,9),(3,4)); 0.97
((10,9),(3,5)); 0.24
((10,9),(3,6)); 0.19
((10,9),(3,7)); 0.2
((10,9),(3,8)); 0.17
((10,9),(4,5)); 0.22
((10,9),(4,6)); 0.18
((10,9),(4,7)); 0.19
((10,9),(4,8)); 0.17
((10,9),(5,6)); 0.68
((10,9),(5,7)); 0.34
((10,9),(5,8)); 0.37
((10,9),(6,7)); 0.35
((10,9),(6,8)); 0.32
((10,9),(7,8)); 0.77
((11,2),(3,4)); 0.29
((11,2),(3,5)); 0.01
((11,2),(3,6)); 0.01
((11,2),(3,7)); 0.01
((11,2),(3,9)); 0.01
((11,2),(4,5)); 0.01
((11,2),(4,6)); 0.02
((11,2),(4,7)); 0.02
((11,2),(4,8)); 0.02
((11,2),(4,9)); 0.03
((11,2),(5,6)); 0.97
((11,2),(5,7)); 0.94
((11,2),(5,8)); 0.94
((11,2),(5,9)); 0.95
((11,2),(6,7)); 0.95
((11,2),(6,8)); 0.94
((11,2),(6,9)); 0.97
((11,2),(7,8)); 0.98
((11,2),(7,9)); 0.96
((11,2),(8,9)); 0.96
((11,3),(2,4)); 0.21
((11,3),(2,5)); 0.01
((11,3),(2,6)); 0.01
((11,3),(2,7)); 0.01
((11,3),(2,8)); 0.02
((11,3),(2,9)); 0.01
((11,3),(4,5)); 0.02
((11,3),(4,6)); 0.02
((11,3),(4,7)); 0.02
((11,3),(4,8)); 0.03
((11,3),(4,9)); 0.03
((11,3),(5,6)); 0.97
((11,3),(5,7)); 0.94
((11,3),(5,8)); 0.94
((11,3),(5,9)); 0.95
((11,3),(6,7)); 0.94
((11,3),(6,8)); 0.94
((11,3),(6,9)); 0.97
((11,3),(7,8)); 0.98
((11,3),(7,9)); 0.95
((11,3),(8,9)); 0.96
((11,4),(2,3)); 0.5
((11,4),(2,5)); 0.03
((11,4),(2,6)); 0.02
((11,4),(2,7)); 0.02
((11,4),(2,8)); 0.03
((11,4),(2,9)); 0.02
((11,4),(3,5)); 0.02
((11,4),(3,6)); 0.02
((11,4),(3,7)); 0.02
((11,4),(3,8)); 0.01
((11,4),(3,9)); 0.02
((11,4),(5,6)); 0.97
((11,4),(5,7)); 0.95
((11,4),(5,8)); 0.95
((11,4),(5,9)); 0.96
((11,4),(6,7)); 0.96
((11,4),(6,8)); 0.95
((11,4),(6,9)); 0.98
((11,4),(7,8)); 0.98
((11,4),(7,9)); 0.96
((11,4),(8,9)); 0.96
((11,5),(2,3)); 0.98
((11,5),(2,4)); 0.96
((11,5),(2,6)); 0.02
((11,5),(2,7)); 0.03
((11,5),(2,8)); 0.03
((11,5),(2,9)); 0.03
((11,5),(3,4)); 0.96
((11,5),(3,6)); 0.02
((11,5),(3,7)); 0.03
((11,5),(3,8)); 0.03
((11,5),(3,9)); 0.03
((11,5),(4,6)); 0.02
((11,5),(4,7)); 0.03
((11,5),(4,8)); 0.04
((11,5),(4,9)); 0.04
((11,5),(6,7)); 0.19
((11,5),(6,8)); 0.15
((11,5),(6,9)); 0.19
((11,5),(7,8)); 0.79
((11,5),(7,9)); 0.42
((11,5),(8,9)); 0.41
((11,6),(2,3)); 0.98
((11,6),(2,4)); 0.96
((11,6),(2,5)); 0.01
((11,6),(2,7)); 0.03
((11,6),(2,8)); 0.04
((11,6),(2,9)); 0.02
((11,6),(3,4)); 0.96
((11,6),(3,5)); 0.01
((11,6),(3,7)); 0.04
((11,6),(3,8)); 0.03
((11,6),(3,9)); 0.02
((11,6),(4,5)); 0.01
((11,6),(4,7)); 0.03
((11,6),(4,8)); 0.03
((11,6),(4,9)); 0.02
((11,6),(5,7)); 0.13
((11,6),(5,8)); 0.17
((11,6),(5,9)); 0.11
((11,6),(7,8)); 0.79
((11,6),(7,9)); 0.37
((11,6),(8,9)); 0.39
((11,7),(2,3)); 0.98
((11,7),(2,4)); 0.96
((11,7),(2,5)); 0.03
((11,7),(2,6)); 0.02
((11,7),(2,8)); 0.02
((11,7),(2,9)); 0.03
((11,7),(3,4)); 0.96
((11,7),(3,5)); 0.03
((11,7),(3,6)); 0.02
((11,7),(3,8)); 0.01
((11,7),(3,9)); 0.03
((11,7),(4,5)); 0.02
((11,7),(4,6)); 0.01
((11,7),(4,8)); 0.01
((11,7),(4,9)); 0.03
((11,7),(5,6)); 0.68
((11,7),(5,8)); 0.14
((11,7),(5,9)); 0.26
((11,7),(6,8)); 0.11
((11,7),(6,9)); 0.3
((11,7),(8,9)); 0.11
((11,8),(2,3)); 0.98
((11,8),(2,4)); 0.95
((11,8),(2,5)); 0.03
((11,8),(2,6)); 0.02
((11,8),(2,9)); 0.02
((11,8),(3,4)); 0.96
((11,8),(3,5)); 0.03
((11,8),(3,6)); 0.03
((11,8),(3,7)); 0.01
((11,8),(3,9)); 0.03
((11,8),(4,5)); 0.01
((11,8),(4,6)); 0.02
((11,8),(4,7)); 0.01
((11,8),(4,9)); 0.03
((11,8),(5,6)); 0.68
((11,8),(5,7)); 0.07
((11,8),(5,9)); 0.23
((11,8),(6,7)); 0.1
((11,8),(6,9)); 0.28
((11,8),(7,9)); 0.11
((11,9),(2,3)); 0.98
((11,9),(2,4)); 0.95
((11,9),(2,5)); 0.02
((11,9),(2,6)); 0.01
((11,9),(2,7)); 0.01
((11,9),(2,8)); 0.02
((11,9),(3,4)); 0.95
((11,9),(3,5)); 0.02
((11,9),(3,6)); 0.01
((11,9),(3,7)); 0.02
((11,9),(3,8)); 0.01
((11,9),(4,7)); 0.01
((11,9),(4,8)); 0.01
((11,9),(5,6)); 0.7
((11,9),(5,7)); 0.32
((11,9),(5,8)); 0.36
((11,9),(6,7)); 0.33
((11,9),(6,8)); 0.33
((11,9),(7,8)); 0.78
((2,3),(4,5)); 0.49
((2,3),(4,6)); 0.5
((2,3),(4,7)); 0.5
((2,3),(4,8)); 0.5
((2,3),(4,9)); 0.5
((2,3),(5,6)); 0.98
((2,3),(5,7)); 0.98
((2,3),(5,8)); 0.98
((2,3),(5,9)); 0.98
((2,3),(6,7)); 0.99
((2,3),(6,8)); 0.99
((2,3),(6,9)); 1.0
((2,3),(7,8)); 0.99
((2,3),(7,9)); 0.99
((2,3),(8,9)); 0.99
((2,4),(3,5)); 0.21
((2,4),(3,6)); 0.21
((2,4),(3,7)); 0.21
((2,4),(3,8)); 0.2
((2,4),(3,9)); 0.21
((2,4),(5,6)); 0.98
((2,4),(5,7)); 0.97
((2,4),(5,8)); 0.97
((2,4),(5,9)); 0.97
((2,4),(6,7)); 0.99
((2,4),(6,8)); 0.97
((2,4),(6,9)); 0.98
((2,4),(7,8)); 0.98
((2,4),(7,9)); 0.99
((2,4),(8,9)); 0.99
((2,5),(3,4)); 0.3
((2,5),(3,6)); 0.01
((2,5),(3,7)); 0.01
((2,5),(3,9)); 0.01
((2,5),(4,6)); 0.02
((2,5),(4,7)); 0.03
((2,5),(4,8)); 0.02
((2,5),(4,9)); 0.03
((2,5),(6,7)); 0.19
((2,5),(6,8)); 0.14
((2,5),(6,9)); 0.2
((2,5),(7,8)); 0.79
((2,5),(7,9)); 0.41
((2,5),(8,9)); 0.38
((2,6),(3,4)); 0.29
((2,6),(3,5)); 0.01
((2,6),(3,7)); 0.01
((2,6),(4,7)); 0.01
((2,6),(4,8)); 0.02
((2,6),(4,9)); 0.02
((2,6),(5,7)); 0.12
((2,6),(5,8)); 0.16
((2,6),(5,9)); 0.1
((2,6),(7,8)); 0.78
((2,6),(7,9)); 0.35
((2,6),(8,9)); 0.38
((2,7),(3,4)); 0.29
((2,7),(3,5)); 0.01
((2,7),(4,8)); 0.01
((2,7),(4,9)); 0.01
((2,7),(5,6)); 0.69
((2,7),(5,8)); 0.13
((2,7),(5,9)); 0.26
((2,7),(6,8)); 0.11
((2,7),(6,9)); 0.3
((2,7),(8,9)); 0.11
((2,8),(3,4)); 0.3
((2,8),(3,5)); 0.02
((2,8),(3,6)); 0.01
((2,8),(3,7)); 0.01
((2,8),(3,9)); 0.01
((2,8),(4,5)); 0.01
((2,8),(4,6)); 0.01
((2,8),(4,7)); 0.01
((2,8),(4,9)); 0.01
((2,8),(5,6)); 0.7
((2,8),(5,7)); 0.08
((2,8),(5,9)); 0.25
((2,8),(6,7)); 0.11
((2,8),(6,9)); 0.28
((2,8),(7,9)); 0.11
((2,9),(3,4)); 0.29
((2,9),(3,5)); 0.01
((2,9),(3,7)); 0.01
((2,9),(5,6)); 0.7
((2,9),(5,7)); 0.33
((2,9),(5,8)); 0.37
((2,9),(6,7)); 0.35
((2,9),(6,8)); 0.34
((2,9),(7,8)); 0.78
((3,4),(5,6)); 0.98
((3,4),(5,7)); 0.97
((3,4),(5,8)); 0.98
((3,4),(5,9)); 0.97
((3,4),(6,7)); 0.98
((3,4),(6,8)); 0.97
((3,4),(6,9)); 0.98
((3,4),(7,8)); 0.98
((3,4),(7,9)); 0.98
((3,4),(8,9)); 0.99
((3,5),(4,6)); 0.01
((3,5),(4,7)); 0.02
((3,5),(4,8)); 0.02
((3,5),(4,9)); 0.02
((3,5),(6,7)); 0.18
((3,5),(6,8)); 0.14
((3,5),(6,9)); 0.2
((3,5),(7,8)); 0.79
((3,5),(7,9)); 0.4
((3,5),(8,9)); 0.38
((3,6),(4,5)); 0.01
((3,6),(4,7)); 0.01
((3,6),(4,8)); 0.03
((3,6),(4,9)); 0.02
((3,6),(5,7)); 0.12
((3,6),(5,8)); 0.17
((3,6),(5,9)); 0.1
((3,6),(7,8)); 0.78
((3,6),(7,9)); 0.35
((3,6),(8,9)); 0.38
((3,7),(4,5)); 0.01
((3,7),(4,6)); 0.01
((3,7),(4,8)); 0.02
((3,7),(4,9)); 0.02
((3,7),(5,6)); 0.7
((3,7),(5,8)); 0.14
((3,7),(5,9)); 0.27
((3,7),(6,8)); 0.12
((3,7),(6,9)); 0.3
((3,7),(8,9)); 0.12
((3,8),(5,6)); 0.69
((3,8),(5,7)); 0.07
((3,8),(5,9)); 0.24
((3,8),(6,7)); 0.1
((3,8),(6,9)); 0.28
((3,8),(7,9)); 0.1
((3,9),(4,5)); 0.01
((3,9),(4,8)); 0.01
((3,9),(5,6)); 0.7
((3,9),(5,7)); 0.33
((3,9),(5,8)); 0.38
((3,9),(6,7)); 0.35
((3,9),(6,8)); 0.34
((3,9),(7,8)); 0.78
((4,5),(6,7)); 0.19
((4,5),(6,8)); 0.13
((4,5),(6,9)); 0.19
((4,5),(7,8)); 0.78
((4,5),(7,9)); 0.4
((4,5),(8,9)); 0.38
((4,6),(5,7)); 0.12
((4,6),(5,8)); 0.17
((4,6),(5,9)); 0.1
((4,6),(7,8)); 0.78
((4,6),(7,9)); 0.35
((4,6),(8,9)); 0.38
((4,7),(5,6)); 0.69
((4,7),(5,8)); 0.14
((4,7),(5,9)); 0.26
((4,7),(6,8)); 0.11
((4,7),(6,9)); 0.3
((4,7),(8,9)); 0.11
((4,8),(5,6)); 0.7
((4,8),(5,7)); 0.08
((4,8),(5,9)); 0.24
((4,8),(6,7)); 0.11
((4,8),(6,9)); 0.28
((4,8),(7,9)); 0.11
((4,9),(5,6)); 0.71
((4,9),(5,7)); 0.34
((4,9),(5,8)); 0.38
((4,9),(6,7)); 0.35
((4,9),(6,8)); 0.34
((4,9),(7,8)); 0.78
((5,6),(7,8)); 0.88
((5,6),(7,9)); 0.67
((5,6),(8,9)); 0.7
((5,7),(6,8)); 0.02
((5,7),(6,9)); 0.19
((5,7),(8,9)); 0.1
((5,8),(6,7)); 0.1
((5,8),(6,9)); 0.21
((5,8),(7,9)); 0.16
((5,9),(6,7)); 0.14
((5,9),(6,8)); 0.09
((5,9),(7,8)); 0.74
((6,7),(8,9)); 0.12
((6,8),(7,9)); 0.11
((6,9),(7,8)); 0.77
